11 0.22692307692307692 0.21174863387978143 0.06461538461538462 0.19672131147540983
1 0.35 0.2062841530054645 0.043076923076923075 0.19398907103825136
9 0.3976923076923077 0.2103825136612022 0.052307692307692305 0.19398907103825136
0 0.4553846153846154 0.20491803278688525 0.052307692307692305 0.1912568306010929
3 0.5092307692307693 0.20765027322404372 0.05692307692307692 0.1994535519125683
28 0.6292307692307693 0.20491803278688525 0.06769230769230769 0.2103825136612022
15 0.6938461538461539 0.20218579234972678 0.06461538461538462 0.22131147540983606
13 0.7576923076923077 0.19808743169398907 0.06 0.2185792349726776
12 0.7592307692307693 0.7172131147540983 0.06461538461538462 0.21584699453551912
30 0.6961538461538461 0.7213114754098361 0.06153846153846154 0.2185792349726776
8 0.4938461538461538 0.7062841530054644 0.052307692307692305 0.20218579234972678
5 0.43538461538461537 0.7062841530054644 0.05384615384615385 0.20765027322404372
11 0.2123076923076923 0.7021857923497268 0.06615384615384616 0.20765027322404372
26 0.19010923076923075 0.0995327868852459 0.8109892307692308 0.06245081967213115 0.8054938461538462 0.3971502732240437 0.16978 0.39031967213114754
26 0.16868153846153847 0.708431693989071 0.16538461538461538 0.793325136612022 0.18022 0.8089371584699454 0.3818676923076923 0.9221311475409836 0.5384615384615384 0.9299371584699454 0.7953846153846154 0.8524590163934426 0.8043953846153846 0.8382131147540983 0.8087907692307693 0.6128032786885246 0.8043953846153846 0.5971885245901639 0.7791215384615384 0.5903579234972678 0.19076923076923077 0.5819672131147541 0.17384615384615384 0.592896174863388