13 0.1046875 0.0796875 0.084375 0.159375
1 0.2984375 0.09765625 0.0546875 0.1640625
6 0.371875 0.103125 0.078125 0.165625
2 0.4515625 0.11328125 0.08125 0.1640625
8 0.53125 0.1203125 0.084375 0.14375
10 0.69921875 0.1453125 0.084375 0.1875
17 0.7875 0.146875 0.096875 0.184375
21 0.8734375 0.15859375 0.08125 0.1984375
13 0.12734375 0.7421875 0.075 0.171875
1 0.3328125 0.76484375 0.0578125 0.165625
6 0.4125 0.7703125 0.0796875 0.1796875
2 0.4875 0.77578125 0.08125 0.159375
8 0.5671875 0.77890625 0.0828125 0.178125
10 0.746875 0.80703125 0.0765625 0.1765625
17 0.85 0.8125 0.0921875 0.1875
21 0.93515625 0.82421875 0.103125 0.1765625