11 0.175 0.103 0.08 0.124
6 0.307 0.104 0.074 0.118
1 0.368 0.106 0.05 0.114
4 0.428 0.113 0.072 0.126
3 0.5 0.113 0.074 0.126
33 0.633 0.119 0.08 0.126
28 0.708 0.124 0.07 0.114
31 0.777 0.127 0.07 0.122
27 0.785 0.423 0.076 0.124
31 0.711 0.422 0.07 0.124
5 0.561 0.411 0.066 0.118
7 0.494 0.413 0.068 0.124
7 0.423 0.411 0.072 0.128
3 0.352 0.411 0.07 0.128
14 0.237 0.408 0.07 0.132
11 0.158 0.408 0.086 0.132
11 0.129 0.729 0.082 0.15
4 0.276 0.726 0.086 0.146
5 0.355 0.727 0.076 0.15
7 0.434 0.728 0.084 0.148
6 0.513 0.728 0.076 0.148
30 0.637 0.728 0.068 0.146
30 0.709 0.727 0.078 0.148
21 0.784 0.727 0.074 0.146