2 0.2679166666666667 0.16592592592592592 0.0925 0.26666666666666666
0 0.36 0.16592592592592592 0.09333333333333334 0.2607407407407407
8 0.45 0.1622222222222222 0.08916666666666667 0.2577777777777778
9 0.5416666666666666 0.16296296296296298 0.09666666666666666 0.2548148148148148
28 0.7091666666666666 0.1622222222222222 0.09833333333333333 0.2577777777777778
15 0.8045833333333333 0.16592592592592592 0.095 0.25037037037037035
25 0.89375 0.1622222222222222 0.08333333333333333 0.2474074074074074
29 0.9749758333333334 0.6979496296296296 0.9507316666666666 0.46631555555555554 0.8689066666666667 0.4690088888888889 0.8825441666666668 0.700642962962963
2 0.4658425 0.7033362962962963 0.5658508333333333 0.6979496296296296 0.55979 0.47170222222222224 0.4749341666666667 0.4690088888888889
1 0.41735333333333335 0.7087229629629629 0.47038833333333335 0.7114162962962963 0.47190333333333334 0.47170222222222224 0.4158383333333333 0.4743955555555555
9 0.40371583333333333 0.7087229629629629 0.4052308333333333 0.4797822222222222 0.32340583333333334 0.4743955555555555 0.31886 0.7060296296296297
1 0.2552183333333333 0.716802962962963 0.31128416666666664 0.7141096296296296 0.31886 0.4743955555555555 0.25976416666666663 0.47708888888888895
11 0.08375 0.5955555555555555 0.09416666666666666 0.25333333333333335
28 0.7191666666666666 0.5807407407407408 0.09583333333333334 0.23851851851851852
15 0.8204166666666667 0.5807407407407408 0.09333333333333334 0.22962962962962963
11 0.0875 0.17555555555555555 0.10333333333333333 0.2577777777777778