11 0.06015625 0.846875 0.05625 0.0984375
6 0.1453125 0.8484375 0.0484375 0.103125
6 0.246875 0.84921875 0.046875 0.0953125
3 0.19765625 0.8453125 0.0375 0.0859375
28 0.33515625 0.85703125 0.04375 0.1109375
15 0.38359375 0.8390625 0.046875 0.090625
25 0.4359375 0.85078125 0.0453125 0.0984375
11 0.30234375 0.28515625 0.0953125 0.175
1 0.4671875 0.24375 0.0625 0.1640625
0 0.5203125 0.23359375 0.0671875 0.1578125
0 0.56875 0.2125 0.0578125 0.146875
2 0.61640625 0.2015625 0.059375 0.15
29 0.69609375 0.1828125 0.0484375 0.1359375
19 0.7359375 0.1734375 0.0375 0.1421875
30 0.76640625 0.1578125 0.0375 0.13125
11 0.56953125 0.81484375 0.0421875 0.0734375
6 0.65546875 0.81796875 0.05 0.0765625
6 0.746875 0.815625 0.0421875 0.0765625
3 0.69765625 0.8140625 0.034375 0.0796875
28 0.8359375 0.81796875 0.046875 0.0765625
15 0.884375 0.8171875 0.0421875 0.078125
25 0.9265625 0.8171875 0.040625 0.075