11 0.12109375 0.328125 0.115625 0.1703125
1 0.27109375 0.32890625 0.103125 0.1578125
9 0.36875 0.33046875 0.0953125 0.159375
9 0.53671875 0.3296875 0.071875 0.140625
7 0.4546875 0.32109375 0.0796875 0.1390625
29 0.7015625 0.33515625 0.1046875 0.16875
10 0.79140625 0.33125 0.08125 0.16875
17 0.875 0.328125 0.1015625 0.1625
11 0.10625 0.596875 0.0875 0.159375
1 0.2828125 0.59453125 0.0796875 0.1578125
9 0.36796875 0.5921875 0.0828125 0.146875
7 0.45390625 0.5921875 0.0875 0.153125
9 0.54375 0.5890625 0.0765625 0.146875
29 0.70859375 0.58515625 0.090625 0.1453125
10 0.80625 0.58828125 0.0953125 0.15
17 0.8890625 0.58828125 0.090625 0.15