10 0.19749322493224933 0.21583986074847694 0.09620596205962059 0.18711923411662315
4 0.36653116531165314 0.20322019147084422 0.09417344173441734 0.1566579634464752
9 0.44613821138211385 0.2040905134899913 0.08333333333333333 0.15839860748476936
0 0.5277777777777778 0.20060922541340295 0.08401084010840108 0.1618798955613577
1 0.6026422764227642 0.20278503046127067 0.06639566395663957 0.16623150565709313
35 0.758130081300813 0.19799825935596171 0.09688346883468835 0.1671018276762402
21 0.8390921409214093 0.19321148825065274 0.07384823848238482 0.16449086161879894
10 0.15311653116531165 0.6453437771975631 0.0948509485094851 0.1836379460400348
4 0.35331978319783197 0.6379460400348129 0.09417344173441734 0.18624891209747607
9 0.4505420054200542 0.6362053959965187 0.08807588075880758 0.17580504786771106
0 0.5389566395663956 0.634029590948651 0.07520325203252033 0.17493472584856398
1 0.6209349593495935 0.6427328111401218 0.06842818428184282 0.185378590078329
35 0.806910569105691 0.6288076588337685 0.08536585365853659 0.17145343777197564
21 0.9017615176151762 0.6288076588337685 0.08807588075880758 0.185378590078329